# 5
scc=0.0063131 scb=0.045131 sca=47.7483 sb=1.4e-07 sa=1.4e-07
scc=0.00617886 scb=0.0441359 sca=46.9817 sb=1.4e-07 sa=1.4e-07
scc=6.72302e-05 scb=0.00529568 sca=6.33694 sb=1.4e-07 sa=1.4e-07
scc=0.000164536 scb=0.0110968 sca=11.0865 sb=1.4e-07 sa=1.4e-07
$This is end of the device boxl file$
